1
Maya Moore
34
34
34.7
8.7
8.1
3.4
1.9
0.8
2.4
23.9

2
Seimone Augustus
24
24
31.3
7.1
3.6
2.4
0.4
0.1
1.6
16.5

3
Lindsay Whalen
34
34
30.5
5.3
4.2
5.5
0.9
0.1
1.8
14.1

4
Janel McCarville
34
34
27.0
3.1
4.8
3.1
1.2
0.9
1.7
7.9

5
Rebekkah Brunson
11
11
27.5
2.9
8.2
1.5
0.3
0.7
0.9
7.2

6
Damiris Dantas
30
23
22.0
2.4
5.1
1.2
0.5
0.4
0.8
6.0

7
Monica Wright
24
9
18.5
2.2
2.2
2.1
0.7
0.3
1.5
5.8

8
Tan White
34
1
17.8
1.9
1.8
1.1
0.9
0.1
0.9
4.9

9
Devereaux Peters
28
0
18.0
1.9
3.7
1.7
0.8
1.0
1.1
4.4

10
Asia Taylor
22
0
7.9
1.0
1.4
0.5
0.2
0.0
0.7
2.7

11
Tricia Liston
25
0
7.3
0.7
1.1
0.3
0.0
0.1
0.1
2.2

12
Lindsey Moore
12
0
8.3
0.3
0.8
1.2
0.3
0.0
0.3
1.1

13
Nadirah McKenith
6
0
4.0
0.2
0.7
0.2
0.2
0.0
0.2
0.7