1
Diana Taurasi
33
33
30.8
5.2
3.8
5.6
0.7
0.3
2.6
16.2

2
Brittney Griner
34
34
30.8
6.4
8.0
1.6
0.6
3.8
1.9
15.6

3
Candice Dupree
34
34
31.3
6.2
7.6
2.4
0.9
0.5
1.4
14.5

4
Penny Taylor
33
24
23.5
3.5
3.1
3.1
1.2
0.5
1.7
10.5

5
DeWanna Bonner
34
34
29.3
3.8
4.1
2.3
1.4
0.4
1.4
10.4

6
Erin Phillips
33
10
18.7
1.9
1.6
2.2
0.7
0.0
1.2
5.8

7
Mistie Bass
34
0
14.5
1.7
3.2
0.5
0.5
0.4
0.7
4.4

8
Shay Murphy
27
1
12.1
1.4
1.7
1.1
0.7
0.1
0.3
3.9

9
Anete Jekabsone-Zogota
32
0
10.6
1.0
0.5
0.9
0.2
0.0
0.8
2.7

10
Ewelina Kobryn
20
0
6.8
0.5
1.1
0.2
0.3
0.1
0.3
1.6

11
Tiffany Bias
17
0
3.9
0.4
0.2
0.4
0.3
0.0
0.7
1.1
