1
Crystal Langhorne
34
34
28.9
5.3
7.4
1.0
0.6
0.4
2.0
12.9

2
Camille Little
33
33
30.8
4.4
4.3
1.6
1.0
0.4
2.4
12.9

3
Sue Bird
33
33
29.2
3.9
2.2
4.0
0.8
0.0
2.3
10.6

4
Tanisha Wright
29
29
25.6
2.8
2.3
3.6
0.9
0.1
2.1
8.0

5
Shekinna Stricklen
33
10
17.5
2.6
2.1
0.7
0.6
0.1
0.8
7.2

6
Tameka Johnson
34
3
17.0
2.1
2.1
3.2
0.7
0.1
1.6
5.8

7
Jenna O'Hea
29
0
13.4
1.8
1.3
1.0
0.4
0.3
0.8
4.8

8
Alysha Clark
34
22
16.5
1.6
2.1
0.6
0.5
0.3
0.7
4.2

9
Noelle Quinn
32
5
15.2
1.4
2.5
1.3
0.5
0.1
0.6
3.8

10
Waltiea Rolle
6
0
10.8
1.2
3.2
0.3
0.3
0.0
0.3
2.7

11
Angela Robinson
25
1
7.0
0.9
1.4
0.3
0.2
0.3
0.8
2.2

12
Nicole Powell
26
0
13.0
0.7
1.8
0.3
0.8
0.1
0.4
2.2
