1
Candace Parker
16
16
34.4
7.3
10.1
6.3
1.9
1.8
2.5
19.4

2
Nneka Ogwumike
24
23
32.8
6.1
7.0
2.1
1.0
0.5
1.8
15.8

3
Jantel Lavender
34
34
33.8
6.2
8.3
1.8
0.4
1.2
2.1
14.5

4
Kristi Toliver
28
28
30.9
4.3
2.3
3.7
0.8
0.0
2.3
12.4

5
Ana Dabovic
24
8
22.1
3.1
1.6
1.9
0.9
0.0
1.6
8.8

6
Alana Beard
15
11
24.4
3.3
2.9
2.5
1.1
0.5
1.3
7.3

7
Erin Phillips
12
12
30.9
2.2
3.0
3.1
0.9
0.2
1.5
6.8

8
Jennifer Lacy
8
4
22.0
2.3
2.9
0.6
0.3
0.1
0.6
5.5

9
Temeka Johnson
34
11
21.2
1.8
2.4
3.6
0.7
0.0
1.5
5.1

10
Marianna Tolo
28
14
19.0
1.9
3.0
1.0
0.3
1.0
1.0
4.9

11
Andrea Hoover
12
1
14.3
1.3
1.3
0.3
0.2
0.1
0.7
3.8

12
Farhiya Abdi
18
5
13.2
1.6
1.7
0.5
0.4
0.1
0.7
3.8

13
Michelle Snow
2
0
13.0
1.5
1.5
0.0
0.0
0.5
2.0
3.0

14
Jasmine Lister
7
0
9.3
1.1
1.3
0.6
0.3
0.0
1.0
2.9

15
Crystal Bradford
15
1
9.5
1.0
1.3
0.5
0.4
0.1
0.3
2.7

16
Jennifer Hamson
25
2
6.5
0.6
1.5
0.2
0.2
0.5
0.2
1.6

17
Courtney Clements
1
0
5.0
0.0
1.0
0.0
0.0
0.0
0.0
0.0