1
Maya Moore
33
33
33.4
7.2
6.7
3.5
1.7
0.8
2.4
20.6

2
Sylvia Fowles
18
18
28.9
5.7
8.3
0.8
0.9
1.6
1.8
15.3

3
Seimone Augustus
16
16
30.1
6.0
2.9
2.4
0.6
0.3
1.2
13.8

4
Lindsay Whalen
29
29
30.1
4.2
3.0
4.2
0.4
0.1
2.1
10.9

5
Anna Cruz
22
17
29.1
3.3
3.6
3.0
1.0
0.2
2.2
8.0

6
Rebekkah Brunson
34
34
27.9
3.1
8.1
1.8
1.1
0.8
1.6
7.8

7
Renee Montgomery
19
5
17.9
2.3
1.2
2.5
0.7
0.1
1.0
5.7

8
Damiris Dantas
16
4
16.7
2.3
3.3
1.2
0.2
0.3
1.1
5.6

9
Asjha Jones
31
12
17.5
2.5
2.8
1.6
0.5
0.5
1.1
5.5

10
Tricia Liston
31
2
12.0
1.1
1.0
0.7
0.3
0.0
0.3
3.4

11
Devereaux Peters
33
0
14.5
1.3
3.4
0.8
0.2
0.9
0.9
3.2

12
Jennifer O'Neill
13
0
7.8
0.6
1.1
0.8
0.2
0.1
0.7
2.2

13
Monica Wright
7
0
11.4
0.6
0.9
1.1
0.3
0.1
1.0
2.1

14
Kalana Greene
2
0
12.0
0.0
1.5
1.5
0.5
0.0
0.0
2.0

15
Reshanda Gray
10
0
3.7
0.3
1.0
0.1
0.2
0.2
0.4
0.6

16
Shae Kelley
8
0
2.3
0.0
0.4
0.1
0.1
0.0
0.1
0.1