1
DeWanna Bonner
33
33
33.8
4.8
5.7
3.3
1.3
0.8
1.8
15.8

2
Brittney Griner
26
26
30.7
5.7
8.1
1.3
0.3
4.0
2.2
15.1

3
Candice Dupree
33
33
31.2
5.8
5.1
1.7
1.0
0.4
1.5
14.1

4
Monique Currie
34
34
21.3
3.1
3.2
1.5
0.9
0.4
1.3
8.4

5
Leilani Mitchell
34
26
23.0
2.4
2.1
2.7
1.0
0.1
1.4
6.7

6
Cayla Francis
34
2
12.7
2.0
3.1
0.7
0.4
0.6
0.8
5.0

7
Mistie Bass
33
7
13.9
1.7
3.0
0.7
0.8
0.7
0.6
4.1

8
Noelle Quinn
34
1
18.6
1.6
2.6
1.9
0.4
0.3
0.9
4.1

9
Marta Xargay
20
8
17.5
1.5
1.8
2.4
0.5
0.2
2.1
3.9

10
Shameka Christon
12
0
6.3
1.0
0.4
0.6
0.2
0.0
0.3
2.8

11
Alex Harden
32
0
12.2
0.8
1.4
0.9
0.7
0.4
0.9
2.1

12
Tiffany Bias
15
0
6.3
0.7
0.1
0.7
0.1
0.0
0.4
1.9

13
Tess Madgen
8
0
7.4
0.4
0.8
0.3
0.8
0.3
0.5
1.3
