1
Tina Charles
34
34
31.0
7.1
8.5
2.4
0.7
0.7
2.4
17.1

2
Epiphany Prince
24
23
28.6
5.7
2.9
3.4
2.0
0.2
1.6
15.0

3
Sugar Rodgers
33
5
18.7
2.5
2.2
1.5
0.7
0.2
1.0
8.1

4
Tanisha Wright
34
34
23.7
2.6
2.4
3.5
0.8
0.1
2.1
7.4

5
Brittany Boyd
30
4
14.3
2.0
2.7
2.3
1.2
0.1
1.6
6.6

6
Essence Carson
33
12
19.5
2.4
2.3
1.3
0.4
0.2
1.0
6.1

7
Kiah Stokes
34
6
25.4
2.4
6.4
0.8
0.7
2.0
1.1
5.8


8
Carolyn Swords
34
22
15.0
2.0
4.0
0.6
0.5
0.6
1.1
5.1

9
Erica
Wheeler
3
0
8.7
1.7
1.3
0.3
1.3
0.0
2.0
4.7

10
Swin Cash
34
28
17.4
1.6
2.4
1.4
0.3
0.1
1.1
4.5

11
Rebecca Allen
2
0
17.0
1.5
4.5
0.0
1.5
1.0
1.5
3.0

12
Candice Wiggins
32
2
12.9
0.9
1.9
0.8
0.4
0.1
1.0
2.8

13
Avery Warley-Talbert
26
0
6.9
0.5
2.7
0.2
0.3
0.1
0.8
1.5
