1
Taylor Hill
32
32
29.3
4.3
2.6
2.9
1.1
0.1
1.3
15.4




2
Emma Meesseman
34
34
29.3
6.2
5.6
2.3
1.2
0.7
1.3
15.2




3
Stefanie Dolson
34
31
22.5
3.5
4.7
1.1
0.4
0.9
1.1
9.3



4
Ivory Latta
22
2
20.8
2.5
1.7
1.9
0.4
0.0
1.4
8.3



5
LaToya Sanders
4
0
17.3
2.3
3.0
0.3
0.8
2.5
0.8
7.3



6
Tierra Ruffin-Pratt
32
31
24.4
2.3
4.5
2.6
1.0
0.3
1.5
7.3



7
Bria Hartley
24
5
16.9
2.1
2.0
2.3
0.4
0.0
1.5
6.5



8
Kia Vaughn
34
4
19.8
2.9
4.3
0.6
0.6
0.5
0.9
6.3



9
Kahleah Copper
30
3
16.2
2.2
3.1
0.8
0.5
0.1
1.1
6.2



10
Leilani Mitchell
10
0
16.1
2.0
1.7
1.9
0.1
0.0
1.3
5.9



11
Natasha Cloud
31
28
24.3
1.8
3.0
3.8
0.8
0.1
1.4
5.7



12
Tianna Hawkins
24
0
10.5
1.8
2.5
0.4
0.2
0.2
1.0
4.7



13
Ally Malott
23
0
7.8
0.7
1.1
0.4
0.3
0.1
0.5
2.1



14
Jamie Weisner
7
0
3.6
0.6
0.4
0.3
0.0
0.0
0.4
1.7



15
Zoi Dimitrakou
2
0
5.5
0.5
0.5
0.5
0.0
0.0
0.5
1.5








