1
Diana Taurasi
33
33
29.8
5.5
3.0
3.9
0.9
0.1
2.6
17.8

2
DeWanna Bonner
34
24
31.3
4.5
5.4
2.4
1.3
0.6
1.6
14.5

3
Brittney Griner
34
34
29.2
5.2
6.5
1.0
0.4
3.1
2.1
14.5

4
Penny Taylor
25
25
25.7
4.1
3.8
3.6
1.5
0.4
1.7
12.5

5
Candice Dupree
32
32
29.1
4.8
5.3
1.9
0.8
0.2
1.1
11.3

6
Marta Xargay
15
6
19.7
2.0
1.7
2.7
1.1
0.2
1.8
5.7

7
Sonja Petrovic
31
13
14.8
1.6
2.2
0.6
0.6
0.2
1.0
5.1

8
Lindsey Harding
21
0
15.7
1.4
1.7
2.1
0.5
0.1
0.9
3.9

9
Isabelle Harrison
26
1
7.5
1.2
1.8
0.0
0.4
0.1
0.7
3.1

10
Kelsey Bone
20
0
9.7
1.3
2.5
0.6
0.2
0.1
1.3
3.0

11
Mistie Bass
33
1
13.2
1.1
1.9
0.8
0.5
0.3
0.6
2.9

12
Noelle Quinn
13
0
9.9
0.5
0.9
1.4
0.4
0.2
0.8
1.6

13
Alex Harden
28
1
7.5
0.6
0.8
0.5
0.4
0.2
0.8
1.6

14
Nirra Fields
4
0
4.3
0.3
0.0
0.0
0.0
0.0
0.5
0.8

15
Courtney Williams
6
0
4.2
0.2
1.2
0.3
0.0
0.0
0.3
0.5
