1
Maya Moore
34
34
29.7
6.6
5.1
4.2
1.6
0.7
2.3
19.3

2
Sylvia Fowles
34
34
28.6
5.4
8.5
1.2
1.3
1.8
1.9
13.9

3
Seimone Augustus
29
29
26.4
4.8
2.9
2.4
0.5
0.4
1.9
11.2

4
Lindsay Whalen
32
32
24.6
3.8
2.6
3.8
0.6
0.0
1.4
9.8

5
Renee Montgomery
34
2
19.3
2.6
0.9
2.8
1.0
0.1
1.7
7.5

6
Rebekkah Brunson
33
33
24.6
2.8
7.3
1.8
0.9
0.3
0.8
7.4

7
Natasha Howard
34
1
14.6
2.7
3.6
0.8
0.7
0.8
1.1
6.7

8
Jia Perkins
34
5
20.7
2.4
2.6
1.3
0.9
0.2
0.7
6.4

9
Janel McCarville
33
0
12.6
1.5
2.5
1.6
0.6
0.3
0.7
3.3

10
Anna Cruz
6
0
10.0
0.8
1.0
2.0
0.3
0.0
0.3
2.8

11
Keisha Hampton
27
0
6.7
0.7
0.4
0.4
0.3
0.1
0.4
2.6

12
Bashaara Graves
12
0
3.4
0.2
0.3
0.2
0.0
0.0
0.3
0.3