1
Tina Charles
32
32
33.7
8.5
9.9
3.8
0.8
0.8
2.0
21.5

2
Sugar Rodgers
33
33
30.5
4.7
3.7
2.4
1.1
0.5
1.8
14.5

3
Shavonte Zellous
33
1
23.3
2.8
2.5
2.2
0.9
0.2
1.3
8.8

4
Kiah Stokes
27
0
24.1
2.8
7.4
0.7
0.7
1.4
1.1
6.9

5
Tanisha Wright
29
28
23.0
2.7
2.3
3.6
0.9
0.2
2.3
6.7

6
Brittany Boyd
33
9
19.7
2.3
2.5
3.6
1.6
0.1
2.0
6.5

7
Rebecca Allen
21
6
13.3
2.1
4.7
1.7
0.5
0.4
0.5
0.6
5.7

8
Swin Cash
31
23
19.5
2.0
3.4
1.4
0.7
0.5
1.3
5.3

9
Carolyn Swords
34
34
17.5
2.2
3.4
1.4
0.7
0.5
1.3
5.3

10
Epiphany Prince
6
0
13.8
1.7
1.5
0.7
0.3
0.0
0.3
5.2

11
Amanda Zahui B.
33
1
11.3
1.7
3.2
0.4
0.3
0.7
1.1
5.0

12
Lindsey Harding
5
3
22.8
1.6
2.8
3.6
0.2
0.0
1.2
3.6

13
Shoni Schimmel
17
0
4.5
0.6
0.5
0.6
0.2
0.1
0.4
2.1

14
Adut Bulgak
7
0
3.3
0.7
1.3
0.0
0.0
0.0
0.1
2.0

15
Ameryst Alston
1
0
0.0
0.0
0.0
0.0
0.0
0.0
0.0
0.0
