1
Breanna Stewart
34
34
34.7
6.1
9.3
3.4
1.2
1.9
2.4
18.3

2
Jewell Loyd
34
34
3.6
5.7
3.4
3.4
1.2
0.3
2.2
16.5

3
Sue Bird
34
34
31.6
4.7
2.9
5.8
1.0
0.2
2.5
12.8

4
Crystal Langhorne
33
33
25.5
3.8
5.5
1.4
0.7
0.3
1.6
9.5

5
Alysha Clark
33
32
27.6
3.2
3.7
1.9
0.7
0.1
1.3
9.0

6
Ramu Tokashiki
31
1
13.0
1.9
2.5
0.3
0.5
0.1
0.8
5.3

7
Kaleena Mosqueda-Lewis
32
0
12.3
1.8
0.8
0.8
0.2
0.1
0.8
5.2

8
Jenna O'Hea
22
2
11.5
1.0
1.3
0.9
0.4
0.1
0.7
3.0

9
Markeisha Gatling
11
0
5.8
0.8
0.8
0.1
0.1
0.3
0.9
2.3

10
Noelle Quinn
20
0
13.9
0.8
1.8
1.6
0.5
0.1
1.0
1.8

11
Krytal Thomas
19
0
9.3
0.6
2.3
0.1
0.2
0.7
0.5
1.4

12
Monica Wright
16
0
6.1
0.5
0.5
0.7
0.4
0.1
0.9
1.3

13
Blake Dietrick
2
0
3.0
0.0
0.0
0.0
0.0
0.0
0.5
1.0

14
Abby Bishop
13
0
5.2
0.3
0.5
0.6
0.1
0.1
0.1
0.9
